 **  circles = cv2.HoughCircles(
       klein     asd, cv2.HOUGH_GRADIENT, 1.5, 50, param1=30, param2=50, minRadius=5, maxRadius=100) **
                        gross            1                                                      0



2142 3110 44
[[[-1 -1  1 -1]
  [-1 -1  2  0]
  [-1 -1 -1  1]]]
1999 1999
2145 3112
2146 3113


1301.5  965.5 
[[[1301.5  965.5  112.9]]]

((1300.356689453125, 967.6885986328125), (114.78958892822266, 116.40653228759766), 31.3327579498291)
((1299.811279296875, 966.7656860351562), (124.26536560058594, 125.40331268310547), 64.93135833740234)



[[[1464.5  906.5  115. ]]]
115.0
1464 906 115                                        1462.5366752540433 904.9858427555937
                                                    1462.5498645506198 904.9747800445904
                                                    1462.6169244322632 904.94984990864
                                                    1462.6733866982904 904.931976150476
[[[1463.5  908.5  115.2]]]
115.2
1463 908 115
[[[1464.5  908.5  114.8]]]
114.8
1464 908 114
[[[1463.5  909.5  115.3]]]
115.3
1463 909 115
[[[1467.5  908.5  116.4]]]
116.4
1467 908 116
[[[1462.5  909.5  114.3]]]
114.3
1462 909 114
[[[1464.5  907.5  115. ]]]
115.0
1464 907 115
[[[1466.5  908.5  115.3]]]
115.3